$gcc -o EnshuA1_1_1785051 EnshuA1_1_1785051.c
$./EnshuA1_1_1785051 
$data1.txt

countData = 3
a[0][0] = 2.000000, a[0][1] = -4.000000, a[0][2] = 6.000000, b[0] = 24.000000
a[1][0] = 0.000000, a[1][1] = 1.000000, a[1][2] = -2.000000, b[1] = -8.000000
a[2][0] = 0.000000, a[2][1] = 0.000000, a[2][2] = 8.000000, b[2] = 24.000000
x_1 = -1.000000, x_2 = -2.000000, x_3 = 3.000000, 


$./EnshuA1_1_1785051 
$data2.txt
countData = 3
a[0][0] = 4.000000, a[0][1] = 1.000000, a[0][2] = -2.000000, b[0] = 4.000000
a[1][0] = 0.000000, a[1][1] = -3.000000, a[1][2] = 2.000000, b[1] = 4.000000
a[2][0] = 0.000000, a[2][1] = 0.000000, a[2][2] = -2.333333, b[2] = 2.333333
x_1 = 1.000000, x_2 = -2.000000, x_3 = -1.000000, 


$./EnshuA1_1_1785051 
$ext_data1.txt
countData = 4
a[0][0] = 1.000000, a[0][1] = -8.000000, a[0][2] = 6.000000, a[0][3] = 2.000000, b[0] = 24.000000
a[1][0] = 0.000000, a[1][1] = 19.000000, a[1][2] = -17.000000, a[1][3] = 4.000000, b[1] = -68.000000
a[2][0] = 0.000000, a[2][1] = 0.000000, a[2][2] = 9.421053, a[2][3] = -11.157895, b[2] = 33.684211
a[3][0] = 0.000000, a[3][1] = 0.000000, a[3][2] = 0.000000, a[3][3] = 15.083799, b[3] = -10.988827
x_1 = 1.193333, x_2 = -0.998519, x_3 = 2.712593, x_4 = -0.728519, 
